Vg	absId	absIg	absIs	Vd	Id	Ig
-30	2.26922E-10	7.3225E-10	9.0808E-11	5	2.26922E-10	-7.3225E-10
-29.25	9.6062E-11	1.93842E-10	5.3595E-11	5	9.6062E-11	-1.93842E-10
-28.5	5.436E-11	1.20633E-10	3.1133E-11	5	5.436E-11	-1.20633E-10
-27.75	3.4305E-11	7.9734E-11	2.1644E-11	5	3.4305E-11	-7.9734E-11
-27	2.3664E-11	5.8893E-11	1.6414E-11	5	2.3664E-11	-5.8893E-11
-26.25	1.7368E-11	4.6392E-11	1.3055E-11	5	1.7368E-11	-4.6392E-11
-25.5	1.3237E-11	3.7411E-11	1.082E-11	5	1.3237E-11	-3.7411E-11
-24.75	1.0452E-11	3.0856E-11	9.214E-12	5	1.0452E-11	-3.0856E-11
-24	8.138E-12	2.6681E-11	8.008E-12	5	8.138E-12	-2.6681E-11
-23.25	6.587E-12	2.3117E-11	6.964E-12	5	6.587E-12	-2.3117E-11
-22.5	5.37E-12	1.9875E-11	6.178E-12	5	5.37E-12	-1.9875E-11
-21.75	4.317E-12	1.7603E-11	5.477E-12	5	4.317E-12	-1.7603E-11
-21	3.383E-12	1.589E-11	4.898E-12	5	3.383E-12	-1.589E-11
-20.25	2.736E-12	1.3859E-11	4.551E-12	5	2.736E-12	-1.3859E-11
-19.5	2.267E-12	1.1974E-11	4.098E-12	5	2.267E-12	-1.1974E-11
-18.75	1.579E-12	1.0875E-11	3.728E-12	5	1.579E-12	-1.0875E-11
-18	1.178E-12	8.957E-12	3.425E-12	5	1.178E-12	-8.957E-12
-17.25	8.85E-13	8.8E-12	3.12E-12	5	8.85E-13	-8.8E-12
-16.5	3.75E-13	7.345E-12	2.851E-12	5	3.75E-13	-7.345E-12
-15.75	3E-14	6.192E-12	2.598E-12	5	3E-14	-6.192E-12
-15	2.42E-13	5.244E-12	2.334E-12	5	-2.42E-13	-5.244E-12
-14.25	6.92E-13	4.653E-12	2.082E-12	5	-6.92E-13	-4.653E-12
-13.5	1.156E-12	3.332E-12	1.894E-12	5	-1.156E-12	-3.332E-12
-12.75	1.34E-12	2.653E-12	1.542E-12	5	-1.34E-12	-2.653E-12
-12	1.978E-12	1.18E-12	1.066E-12	5	-1.978E-12	-1.18E-12
-11.25	2.404E-12	5.61E-13	2.27E-13	5	-2.404E-12	5.61E-13
-10.5	3.086E-12	3.723E-12	1.302E-12	5	-3.086E-12	3.723E-12
-9.75	3.547E-12	8.162E-12	3.514E-12	5	-3.547E-12	8.162E-12
-9	2.512E-12	1.3594E-11	8.587E-12	5	-2.512E-12	1.3594E-11
-8.25	3.707E-12	2.0885E-11	1.9035E-11	5	3.707E-12	2.0885E-11
-7.5	2.7513E-11	2.3234E-11	4.3878E-11	5	2.7513E-11	2.3234E-11
-6.75	9.8687E-11	2.8894E-11	1.19105E-10	5	9.8687E-11	2.8894E-11
-6	3.46116E-10	4.1067E-11	3.7464E-10	5	3.46116E-10	4.1067E-11
-5.25	1.09505E-09	5.8453E-11	1.13636E-09	5	1.09505E-09	5.8453E-11
-4.5	2.85178E-09	8.7795E-11	2.92376E-09	5	2.85178E-09	8.7795E-11
-3.75	6.17157E-09	1.21378E-10	6.27357E-09	5	6.17157E-09	1.21378E-10
-3	1.15893E-08	1.35074E-10	1.17222E-08	5	1.15893E-08	1.35074E-10
-2.25	1.96E-08	1.68878E-10	1.97773E-08	5	1.96E-08	1.68878E-10
-1.5	3.0761E-08	1.69692E-10	3.09441E-08	5	3.0761E-08	1.69692E-10
-0.75	4.54785E-08	1.76943E-10	4.57008E-08	5	4.54785E-08	1.76943E-10
0	6.41912E-08	1.92034E-10	6.44779E-08	5	6.41912E-08	1.92034E-10
0.75	8.71422E-08	1.94457E-10	8.73984E-08	5	8.71422E-08	1.94457E-10
1.5	1.14195E-07	1.60723E-10	1.145103E-07	5	1.14195E-07	1.60723E-10
2.25	1.45527E-07	1.16517E-10	1.45798E-07	5	1.45527E-07	1.16517E-10
3	1.80089E-07	1.17844E-10	1.80545E-07	5	1.80089E-07	1.17844E-10
3.75	2.17816E-07	1.14521E-10	2.18037E-07	5	2.17816E-07	1.14521E-10
4.5	2.5693E-07	1.23744E-10	2.57242E-07	5	2.5693E-07	1.23744E-10
5.25	2.96944E-07	1.38256E-10	2.97644E-07	5	2.96944E-07	1.38256E-10
6	3.38032E-07	1.57918E-10	3.38554E-07	5	3.38032E-07	1.57918E-10
6.75	3.79796E-07	1.93509E-10	3.8012E-07	5	3.79796E-07	1.93509E-10
7.5	4.2131E-07	2.51099E-10	4.21978E-07	5	4.2131E-07	2.51099E-10
8.25	4.63325E-07	3.19041E-10	4.63785E-07	5	4.63325E-07	3.19041E-10
9	5.0487E-07	4.09327E-10	5.05775E-07	5	5.0487E-07	4.09327E-10
9.75	5.46545E-07	5.90623E-10	5.47328E-07	5	5.46545E-07	5.90623E-10
10.5	5.87926E-07	7.4381E-10	5.88712E-07	5	5.87926E-07	7.4381E-10
11.25	6.2945E-07	9.4226E-10	6.30289E-07	5	6.2945E-07	9.4226E-10
12	6.70659E-07	1.19263E-09	6.72479E-07	5	6.70659E-07	1.19263E-09
12.75	7.12906E-07	1.47957E-09	7.13799E-07	5	7.12906E-07	1.47957E-09
13.5	7.53577E-07	1.93886E-09	7.56071E-07	5	7.53577E-07	1.93886E-09
14.25	7.95047E-07	2.33279E-09	7.97019E-07	5	7.95047E-07	2.33279E-09
15	8.3639E-07	2.71117E-09	8.3967E-07	5	8.3639E-07	2.71117E-09
15.75	8.76883E-07	3.13247E-09	8.80282E-07	5	8.76883E-07	3.13247E-09
16.5	9.16937E-07	3.58891E-09	9.21295E-07	5	9.16937E-07	3.58891E-09
17.25	9.59407E-07	4.16168E-09	9.63401E-07	5	9.59407E-07	4.16168E-09
18	9.98955E-07	4.83176E-09	1.00398E-06	5	9.98955E-07	4.83176E-09
18.75	1.039538E-06	5.34734E-09	1.044423E-06	5	1.039538E-06	5.34734E-09
19.5	1.07868E-06	5.93533E-09	1.085339E-06	5	1.07868E-06	5.93533E-09
20.25	1.120246E-06	6.67895E-09	1.127184E-06	5	1.120246E-06	6.67895E-09
21	1.16036E-06	7.29428E-09	1.168372E-06	5	1.16036E-06	7.29428E-09
21.75	1.20094E-06	7.99758E-09	1.20876E-06	5	1.20094E-06	7.99758E-09
22.5	1.24197E-06	8.73965E-09	1.24997E-06	5	1.24197E-06	8.73965E-09
23.25	1.28246E-06	9.6169E-09	1.29262E-06	5	1.28246E-06	9.6169E-09
24	1.32254E-06	1.04046E-08	1.33195E-06	5	1.32254E-06	1.04046E-08
24.75	1.36091E-06	1.12653E-08	1.3731E-06	5	1.36091E-06	1.12653E-08
25.5	1.40338E-06	1.21698E-08	1.41534E-06	5	1.40338E-06	1.21698E-08
26.25	1.44225E-06	1.31621E-08	1.45411E-06	5	1.44225E-06	1.31621E-08
27	1.48019E-06	1.40051E-08	1.4944E-06	5	1.48019E-06	1.40051E-08
27.75	1.52086E-06	1.50091E-08	1.5353E-06	5	1.52086E-06	1.50091E-08
28.5	1.56081E-06	1.59037E-08	1.57756E-06	5	1.56081E-06	1.59037E-08
29.25	1.6E-06	1.70294E-08	1.61805E-06	5	1.6E-06	1.70294E-08
30	1.63919E-06	1.80707E-08	1.65804E-06	5	1.63919E-06	1.80707E-08
30.75	1.67864E-06	1.92446E-08	1.69903E-06	5	1.67864E-06	1.92446E-08
31.5	1.71874E-06	2.03923E-08	1.74046E-06	5	1.71874E-06	2.03923E-08
32.25	1.76074E-06	2.1617E-08	1.7822E-06	5	1.76074E-06	2.1617E-08
33	1.80096E-06	2.29289E-08	1.82258E-06	5	1.80096E-06	2.29289E-08
33.75	1.83899E-06	2.42272E-08	1.86139E-06	5	1.83899E-06	2.42272E-08
34.5	1.8767E-06	2.54107E-08	1.90243E-06	5	1.8767E-06	2.54107E-08
35.25	1.91559E-06	2.67644E-08	1.94228E-06	5	1.91559E-06	2.67644E-08
36	1.95463E-06	2.81678E-08	1.98482E-06	5	1.95463E-06	2.81678E-08
36.75	1.99456E-06	2.95072E-08	2.02455E-06	5	1.99456E-06	2.95072E-08
37.5	2.03231E-06	3.10468E-08	2.06248E-06	5	2.03231E-06	3.10468E-08
38.25	2.06977E-06	3.25146E-08	2.10191E-06	5	2.06977E-06	3.25146E-08
39	2.10844E-06	3.40916E-08	2.1421E-06	5	2.10844E-06	3.40916E-08
39.75	2.14839E-06	3.55955E-08	2.1849E-06	5	2.14839E-06	3.55955E-08
40.5	2.18738E-06	3.71493E-08	2.224E-06	5	2.18738E-06	3.71493E-08
41.25	2.22497E-06	3.89047E-08	2.26243E-06	5	2.22497E-06	3.89047E-08
42	2.26177E-06	4.093E-08	2.30304E-06	5	2.26177E-06	4.093E-08
42.75	2.29898E-06	4.28267E-08	2.3427E-06	5	2.29898E-06	4.28267E-08
43.5	2.3378E-06	4.44399E-08	2.38464E-06	5	2.3378E-06	4.44399E-08
44.25	2.37464E-06	4.63523E-08	2.42221E-06	5	2.37464E-06	4.63523E-08
45	2.41149E-06	4.85416E-08	2.45941E-06	5	2.41149E-06	4.85416E-08
45.75	2.45055E-06	5.04697E-08	2.50086E-06	5	2.45055E-06	5.04697E-08
46.5	2.4871E-06	5.25596E-08	2.53863E-06	5	2.4871E-06	5.25596E-08
47.25	2.52389E-06	5.48128E-08	2.57996E-06	5	2.52389E-06	5.48128E-08
48	2.56094E-06	5.69986E-08	2.61741E-06	5	2.56094E-06	5.69986E-08
48.75	2.597E-06	5.94388E-08	2.65771E-06	5	2.597E-06	5.94388E-08
49.5	2.63277E-06	6.21118E-08	2.69544E-06	5	2.63277E-06	6.21118E-08
50.25	2.67139E-06	6.42769E-08	2.73403E-06	5	2.67139E-06	6.42769E-08
51	2.70615E-06	6.69003E-08	2.77294E-06	5	2.70615E-06	6.69003E-08
51.75	2.74236E-06	6.95627E-08	2.81152E-06	5	2.74236E-06	6.95627E-08
52.5	2.77401E-06	7.26912E-08	2.84831E-06	5	2.77401E-06	7.26912E-08
53.25	2.81115E-06	7.51663E-08	2.88577E-06	5	2.81115E-06	7.51663E-08
54	2.84705E-06	7.76226E-08	2.92719E-06	5	2.84705E-06	7.76226E-08
54.75	2.88001E-06	8.05104E-08	2.96102E-06	5	2.88001E-06	8.05104E-08
55.5	2.9102E-06	8.33212E-08	2.99379E-06	5	2.9102E-06	8.33212E-08
56.25	2.94649E-06	8.60823E-08	3.0344E-06	5	2.94649E-06	8.60823E-08
57	2.98256E-06	8.92054E-08	3.0722E-06	5	2.98256E-06	8.92054E-08
57.75	3.01576E-06	9.18608E-08	3.10675E-06	5	3.01576E-06	9.18608E-08
58.5	3.04735E-06	9.53636E-08	3.14648E-06	5	3.04735E-06	9.53636E-08
59.25	3.08142E-06	9.86194E-08	3.17615E-06	5	3.08142E-06	9.86194E-08
60	3.11367E-06	1.0149E-07	3.21216E-06	5	3.11367E-06	1.0149E-07
60	3.11401E-06	1.0167E-07	3.21336E-06	5	3.11401E-06	1.0167E-07
59.25	3.0864E-06	9.8528E-08	3.18095E-06	5	3.0864E-06	9.8528E-08
58.5	3.04953E-06	9.54411E-08	3.14113E-06	5	3.04953E-06	9.54411E-08
57.75	3.01804E-06	9.24703E-08	3.11074E-06	5	3.01804E-06	9.24703E-08
57	2.98554E-06	8.93037E-08	3.073E-06	5	2.98554E-06	8.93037E-08
56.25	2.95068E-06	8.62761E-08	3.03513E-06	5	2.95068E-06	8.62761E-08
55.5	2.91894E-06	8.33182E-08	3.00156E-06	5	2.91894E-06	8.33182E-08
54.75	2.88308E-06	8.06946E-08	2.96487E-06	5	2.88308E-06	8.06946E-08
54	2.85024E-06	7.75666E-08	2.92639E-06	5	2.85024E-06	7.75666E-08
53.25	2.81083E-06	7.51204E-08	2.88697E-06	5	2.81083E-06	7.51204E-08
52.5	2.78148E-06	7.20341E-08	2.85291E-06	5	2.78148E-06	7.20341E-08
51.75	2.74546E-06	6.97466E-08	2.8131E-06	5	2.74546E-06	6.97466E-08
51	2.71124E-06	6.73847E-08	2.77767E-06	5	2.71124E-06	6.73847E-08
50.25	2.67667E-06	6.47987E-08	2.73774E-06	5	2.67667E-06	6.47987E-08
49.5	2.64003E-06	6.26412E-08	2.70064E-06	5	2.64003E-06	6.26412E-08
48.75	2.60472E-06	6.04018E-08	2.66326E-06	5	2.60472E-06	6.04018E-08
48	2.56668E-06	5.82629E-08	2.62555E-06	5	2.56668E-06	5.82629E-08
47.25	2.53221E-06	5.57675E-08	2.58766E-06	5	2.53221E-06	5.57675E-08
46.5	2.49594E-06	5.38233E-08	2.55022E-06	5	2.49594E-06	5.38233E-08
45.75	2.46021E-06	5.15736E-08	2.51222E-06	5	2.46021E-06	5.15736E-08
45	2.4225E-06	4.9432E-08	2.47091E-06	5	2.4225E-06	4.9432E-08
44.25	2.38888E-06	4.77095E-08	2.43419E-06	5	2.38888E-06	4.77095E-08
43.5	2.35066E-06	4.57716E-08	2.39508E-06	5	2.35066E-06	4.57716E-08
42.75	2.31492E-06	4.38963E-08	2.35498E-06	5	2.31492E-06	4.38963E-08
42	2.2737E-06	4.19261E-08	2.31475E-06	5	2.2737E-06	4.19261E-08
41.25	2.23722E-06	4.01848E-08	2.27599E-06	5	2.23722E-06	4.01848E-08
40.5	2.19873E-06	3.84386E-08	2.23728E-06	5	2.19873E-06	3.84386E-08
39.75	2.1616E-06	3.66333E-08	2.19445E-06	5	2.1616E-06	3.66333E-08
39	2.12418E-06	3.50861E-08	2.15891E-06	5	2.12418E-06	3.50861E-08
38.25	2.08725E-06	3.34665E-08	2.12146E-06	5	2.08725E-06	3.34665E-08
37.5	2.04781E-06	3.21106E-08	2.07966E-06	5	2.04781E-06	3.21106E-08
36.75	2.01052E-06	3.04262E-08	2.03737E-06	5	2.01052E-06	3.04262E-08
36	1.97209E-06	2.89359E-08	1.99728E-06	5	1.97209E-06	2.89359E-08
35.25	1.93227E-06	2.75227E-08	1.95868E-06	5	1.93227E-06	2.75227E-08
34.5	1.89351E-06	2.61066E-08	1.91726E-06	5	1.89351E-06	2.61066E-08
33.75	1.85498E-06	2.47517E-08	1.87786E-06	5	1.85498E-06	2.47517E-08
33	1.81673E-06	2.34535E-08	1.83904E-06	5	1.81673E-06	2.34535E-08
32.25	1.77601E-06	2.22608E-08	1.79935E-06	5	1.77601E-06	2.22608E-08
31.5	1.73705E-06	2.09256E-08	1.75607E-06	5	1.73705E-06	2.09256E-08
30.75	1.69733E-06	1.97747E-08	1.71535E-06	5	1.69733E-06	1.97747E-08
30	1.65729E-06	1.86293E-08	1.6758E-06	5	1.65729E-06	1.86293E-08
29.25	1.6173E-06	1.75948E-08	1.63295E-06	5	1.6173E-06	1.75948E-08
28.5	1.57749E-06	1.6551E-08	1.59079E-06	5	1.57749E-06	1.6551E-08
27.75	1.53673E-06	1.55418E-08	1.55243E-06	5	1.53673E-06	1.55418E-08
27	1.4982E-06	1.46305E-08	1.51162E-06	5	1.4982E-06	1.46305E-08
26.25	1.46027E-06	1.36377E-08	1.47099E-06	5	1.46027E-06	1.36377E-08
25.5	1.42048E-06	1.2755E-08	1.43182E-06	5	1.42048E-06	1.2755E-08
24.75	1.3797E-06	1.19079E-08	1.39115E-06	5	1.3797E-06	1.19079E-08
24	1.33928E-06	1.10313E-08	1.34988E-06	5	1.33928E-06	1.10313E-08
23.25	1.30049E-06	1.01171E-08	1.30972E-06	5	1.30049E-06	1.01171E-08
22.5	1.26137E-06	9.36227E-09	1.2678E-06	5	1.26137E-06	9.36227E-09
21.75	1.21912E-06	8.62608E-09	1.22679E-06	5	1.21912E-06	8.62608E-09
21	1.17974E-06	7.79936E-09	1.18732E-06	5	1.17974E-06	7.79936E-09
20.25	1.13847E-06	7.12791E-09	1.14399E-06	5	1.13847E-06	7.12791E-09
19.5	1.09866E-06	6.39493E-09	1.10283E-06	5	1.09866E-06	6.39493E-09
18.75	1.05817E-06	5.85405E-09	1.06287E-06	5	1.05817E-06	5.85405E-09
18	1.01776E-06	5.24507E-09	1.02194E-06	5	1.01776E-06	5.24507E-09
17.25	9.77275E-07	4.60117E-09	9.81312E-07	5	9.77275E-07	4.60117E-09
16.5	9.35994E-07	4.06745E-09	9.39819E-07	5	9.35994E-07	4.06745E-09
15.75	8.94772E-07	3.50877E-09	8.97742E-07	5	8.94772E-07	3.50877E-09
15	8.53612E-07	3.11881E-09	8.55765E-07	5	8.53612E-07	3.11881E-09
14.25	8.13704E-07	2.70012E-09	8.15107E-07	5	8.13704E-07	2.70012E-09
13.5	7.73051E-07	2.27013E-09	7.74915E-07	5	7.73051E-07	2.27013E-09
12.75	7.16946E-07	1.86876E-09	7.15574E-07	5	7.16946E-07	1.86876E-09
12	6.56121E-07	1.54769E-09	6.70185E-07	5	6.56121E-07	1.54769E-09
11.25	6.33453E-07	1.21687E-09	6.27042E-07	5	6.33453E-07	1.21687E-09
10.5	5.92779E-07	9.7232E-10	6.06123E-07	5	5.92779E-07	9.7232E-10
9.75	5.68604E-07	7.29565E-10	5.67304E-07	5	5.68604E-07	7.29565E-10
9	5.25504E-07	5.3912E-10	5.25447E-07	5	5.25504E-07	5.3912E-10
8.25	4.84976E-07	3.76472E-10	4.84817E-07	5	4.84976E-07	3.76472E-10
7.5	4.42919E-07	2.55422E-10	4.42615E-07	5	4.42919E-07	2.55422E-10
6.75	4.01601E-07	1.43906E-10	4.02169E-07	5	4.01601E-07	1.43906E-10
6	3.61827E-07	7.207E-11	3.61558E-07	5	3.61827E-07	7.207E-11
5.25	3.20829E-07	8.163E-12	3.20485E-07	5	3.20829E-07	8.163E-12
4.5	2.81289E-07	5.0947E-11	2.80874E-07	5	2.81289E-07	-5.0947E-11
3.75	2.41699E-07	7.9682E-11	2.41043E-07	5	2.41699E-07	-7.9682E-11
3	2.03156E-07	9.6125E-11	2.02652E-07	5	2.03156E-07	-9.6125E-11
2.25	1.6641E-07	1.0584E-10	1.6589E-07	5	1.6641E-07	-1.0584E-10
1.5	1.32501E-07	1.1164E-10	1.32029E-07	5	1.32501E-07	-1.1164E-10
0.75	1.02263E-07	1.11148E-10	1.01838E-07	5	1.02263E-07	-1.11148E-10
0	7.61465E-08	1.13666E-10	7.58154E-08	5	7.61465E-08	-1.13666E-10
-0.75	5.44296E-08	1.15496E-10	5.41622E-08	5	5.44296E-08	-1.15496E-10
-1.5	3.70998E-08	1.1846E-10	3.68652E-08	5	3.70998E-08	-1.1846E-10
-2.25	2.3809E-08	1.18926E-10	2.36038E-08	5	2.3809E-08	-1.18926E-10
-3	1.42021E-08	1.19293E-10	1.40411E-08	5	1.42021E-08	-1.19293E-10
-3.75	7.66822E-09	1.16984E-10	7.52751E-09	5	7.66822E-09	-1.16984E-10
-4.5	3.62146E-09	1.07387E-10	3.51544E-09	5	3.62146E-09	-1.07387E-10
-5.25	1.4284E-09	1.0286E-10	1.33822E-09	5	1.4284E-09	-1.0286E-10
-6	4.68353E-10	9.4142E-11	3.93915E-10	5	4.68353E-10	-9.4142E-11
-6.75	1.47642E-10	7.5693E-11	8.932E-11	5	1.47642E-10	-7.5693E-11
-7.5	6.5739E-11	6.3698E-11	1.6677E-11	5	6.5739E-11	-6.3698E-11
-8.25	4.1623E-11	5.585E-11	1.089E-12	5	4.1623E-11	-5.585E-11
-9	3.2143E-11	4.8908E-11	5.548E-12	5	3.2143E-11	-4.8908E-11
-9.75	2.6949E-11	4.3844E-11	6.834E-12	5	2.6949E-11	-4.3844E-11
-10.5	2.3582E-11	3.9031E-11	6.895E-12	5	2.3582E-11	-3.9031E-11
-11.25	2.052E-11	3.533E-11	6.707E-12	5	2.052E-11	-3.533E-11
-12	1.8802E-11	3.2449E-11	6.433E-12	5	1.8802E-11	-3.2449E-11
-12.75	1.6633E-11	2.953E-11	6.136E-12	5	1.6633E-11	-2.953E-11
-13.5	1.4788E-11	2.7682E-11	5.994E-12	5	1.4788E-11	-2.7682E-11
-14.25	1.3616E-11	2.6316E-11	5.728E-12	5	1.3616E-11	-2.6316E-11
-15	1.2422E-11	2.4342E-11	5.556E-12	5	1.2422E-11	-2.4342E-11
-15.75	1.137E-11	2.3298E-11	5.425E-12	5	1.137E-11	-2.3298E-11
-16.5	1.0429E-11	2.249E-11	5.277E-12	5	1.0429E-11	-2.249E-11
-17.25	9.717E-12	2.1258E-11	5.177E-12	5	9.717E-12	-2.1258E-11
-18	8.918E-12	2.0883E-11	5.088E-12	5	8.918E-12	-2.0883E-11
-18.75	8.459E-12	2.0127E-11	5.074E-12	5	8.459E-12	-2.0127E-11
-19.5	7.964E-12	1.9185E-11	4.955E-12	5	7.964E-12	-1.9185E-11
-20.25	7.408E-12	1.8919E-11	4.869E-12	5	7.408E-12	-1.8919E-11
-21	7.029E-12	1.849E-11	4.736E-12	5	7.029E-12	-1.849E-11
-21.75	6.744E-12	1.7875E-11	4.745E-12	5	6.744E-12	-1.7875E-11
-22.5	6.449E-12	1.751E-11	4.631E-12	5	6.449E-12	-1.751E-11
-23.25	6.437E-12	1.7548E-11	4.606E-12	5	6.437E-12	-1.7548E-11
-24	5.944E-12	1.775E-11	4.504E-12	5	5.944E-12	-1.775E-11
-24.75	6.026E-12	1.6877E-11	4.411E-12	5	6.026E-12	-1.6877E-11
-25.5	5.613E-12	1.6656E-11	4.374E-12	5	5.613E-12	-1.6656E-11
-26.25	5.241E-12	1.6643E-11	4.216E-12	5	5.241E-12	-1.6643E-11
-27	5.202E-12	1.6485E-11	4.237E-12	5	5.202E-12	-1.6485E-11
-27.75	5.332E-12	1.583E-11	4.163E-12	5	5.332E-12	-1.583E-11
-28.5	5.145E-12	1.6073E-11	4.084E-12	5	5.145E-12	-1.6073E-11
-29.25	5.1E-12	1.5989E-11	4.086E-12	5	5.1E-12	-1.5989E-11
-30	5.074E-12	1.6012E-11	4E-12	5	5.074E-12	-1.6012E-11
-30	3.07765E-09	1.92915E-09	1.87231E-09	60	3.07765E-09	-1.92915E-09
-29.25	2.59634E-09	7.94341E-10	1.82508E-09	60	2.59634E-09	-7.94341E-10
-28.5	2.2022E-09	5.01162E-10	1.69881E-09	60	2.2022E-09	-5.01162E-10
-27.75	1.84215E-09	3.19376E-10	1.49681E-09	60	1.84215E-09	-3.19376E-10
-27	1.56164E-09	1.9846E-10	1.31125E-09	60	1.56164E-09	-1.9846E-10
-26.25	1.29438E-09	1.21769E-10	1.12541E-09	60	1.29438E-09	-1.21769E-10
-25.5	1.11927E-09	7.7711E-11	9.791E-10	60	1.11927E-09	-7.7711E-11
-24.75	9.3254E-10	4.9004E-11	8.28995E-10	60	9.3254E-10	-4.9004E-11
-24	7.73749E-10	2.8477E-11	6.93902E-10	60	7.73749E-10	-2.8477E-11
-23.25	6.6127E-10	3.8251E-11	5.87974E-10	60	6.6127E-10	-3.8251E-11
-22.5	5.45488E-10	8.891E-12	4.93238E-10	60	5.45488E-10	-8.891E-12
-21.75	4.4693E-10	6.594E-12	4.06591E-10	60	4.4693E-10	6.594E-12
-21	3.55195E-10	1.1705E-11	3.31233E-10	60	3.55195E-10	1.1705E-11
-20.25	2.9534E-10	1.4642E-11	2.73377E-10	60	2.9534E-10	1.4642E-11
-19.5	2.45769E-10	1.8923E-11	2.27543E-10	60	2.45769E-10	1.8923E-11
-18.75	1.99934E-10	1.9314E-11	1.89469E-10	60	1.99934E-10	1.9314E-11
-18	1.6488E-10	1.9903E-11	1.55911E-10	60	1.6488E-10	1.9903E-11
-17.25	1.36112E-10	1.9694E-11	1.3062E-10	60	1.36112E-10	1.9694E-11
-16.5	1.146E-10	1.7258E-11	1.10609E-10	60	1.146E-10	1.7258E-11
-15.75	9.5909E-11	1.7153E-11	9.3324E-11	60	9.5909E-11	1.7153E-11
-15	8.1358E-11	1.6208E-11	7.9774E-11	60	8.1358E-11	1.6208E-11
-14.25	7.059E-11	1.5354E-11	6.8655E-11	60	7.059E-11	1.5354E-11
-13.5	6.1028E-11	1.5316E-11	6.0063E-11	60	6.1028E-11	1.5316E-11
-12.75	5.4926E-11	1.7318E-11	5.4038E-11	60	5.4926E-11	1.7318E-11
-12	5.081E-11	2.2489E-11	5.2927E-11	60	5.081E-11	2.2489E-11
-11.25	5.633E-11	2.8431E-11	6.101E-11	60	5.633E-11	2.8431E-11
-10.5	8.3206E-11	3.4792E-11	9.1952E-11	60	8.3206E-11	3.4792E-11
-9.75	1.76291E-10	3.7165E-11	1.84029E-10	60	1.76291E-10	3.7165E-11
-9	4.12179E-10	4.0736E-11	4.20459E-10	60	4.12179E-10	4.0736E-11
-8.25	9.3761E-10	5.2569E-11	9.5272E-10	60	9.3761E-10	5.2569E-11
-7.5	1.96846E-09	7.7363E-11	2.01015E-09	60	1.96846E-09	7.7363E-11
-6.75	3.73559E-09	1.1479E-10	3.80548E-09	60	3.73559E-09	1.1479E-10
-6	6.54682E-09	1.48009E-10	6.6123E-09	60	6.54682E-09	1.48009E-10
-5.25	1.084451E-08	1.84941E-10	1.08816E-08	60	1.084451E-08	1.84941E-10
-4.5	1.54086E-08	1.773E-10	1.70821E-08	60	1.54086E-08	1.773E-10
-3.75	2.60943E-08	2.2807E-10	2.63865E-08	60	2.60943E-08	2.2807E-10
-3	3.85001E-08	3.05194E-10	3.87963E-08	60	3.85001E-08	3.05194E-10
-2.25	5.48458E-08	3.47896E-10	5.52187E-08	60	5.48458E-08	3.47896E-10
-1.5	7.57502E-08	4.16175E-10	7.62435E-08	60	7.57502E-08	4.16175E-10
-0.75	1.017824E-07	5.204E-10	1.024627E-07	60	1.017824E-07	5.204E-10
0	1.33606E-07	6.55344E-10	1.34425E-07	60	1.33606E-07	6.55344E-10
0.75	1.71455E-07	7.11255E-10	1.72252E-07	60	1.71455E-07	7.11255E-10
1.5	2.15804E-07	3.85267E-10	2.16555E-07	60	2.15804E-07	3.85267E-10
2.25	2.66476E-07	3.33015E-10	2.66971E-07	60	2.66476E-07	3.33015E-10
3	3.2352E-07	2.40123E-10	3.23777E-07	60	3.2352E-07	2.40123E-10
3.75	3.86793E-07	1.52709E-10	3.87146E-07	60	3.86793E-07	1.52709E-10
4.5	4.56686E-07	1.31285E-10	4.57244E-07	60	4.56686E-07	1.31285E-10
5.25	5.31956E-07	1.27017E-10	5.32797E-07	60	5.31956E-07	1.27017E-10
6	6.14885E-07	1.37248E-10	6.15339E-07	60	6.14885E-07	1.37248E-10
6.75	7.03218E-07	1.49403E-10	7.04136E-07	60	7.03218E-07	1.49403E-10
7.5	7.97887E-07	1.66123E-10	7.98461E-07	60	7.97887E-07	1.66123E-10
8.25	8.98898E-07	1.8274E-10	8.99794E-07	60	8.98898E-07	1.8274E-10
9	1.006461E-06	2.08584E-10	1.00693E-06	60	1.006461E-06	2.08584E-10
9.75	1.119259E-06	2.45161E-10	1.120742E-06	60	1.119259E-06	2.45161E-10
10.5	1.24169E-06	2.76454E-10	1.24171E-06	60	1.24169E-06	2.76454E-10
11.25	1.36608E-06	3.23105E-10	1.36627E-06	60	1.36608E-06	3.23105E-10
12	1.49898E-06	4.0352E-10	1.49965E-06	60	1.49898E-06	4.0352E-10
12.75	1.63647E-06	4.646E-10	1.6382E-06	60	1.63647E-06	4.646E-10
13.5	1.78349E-06	5.48351E-10	1.78375E-06	60	1.78349E-06	5.48351E-10
14.25	1.93391E-06	7.01073E-10	1.93404E-06	60	1.93391E-06	7.01073E-10
15	2.09008E-06	8.6788E-10	2.09116E-06	60	2.09008E-06	8.6788E-10
15.75	2.25296E-06	1.21369E-09	2.25541E-06	60	2.25296E-06	1.21369E-09
16.5	2.42395E-06	1.46099E-09	2.42662E-06	60	2.42395E-06	1.46099E-09
17.25	2.60153E-06	1.73615E-09	2.60411E-06	60	2.60153E-06	1.73615E-09
18	2.78467E-06	2.10185E-09	2.78744E-06	60	2.78467E-06	2.10185E-09
18.75	2.9762E-06	2.43604E-09	2.98021E-06	60	2.9762E-06	2.43604E-09
19.5	3.17261E-06	2.7315E-09	3.17587E-06	60	3.17261E-06	2.7315E-09
20.25	3.37599E-06	2.92354E-09	3.38006E-06	60	3.37599E-06	2.92354E-09
21	3.58257E-06	3.21653E-09	3.58654E-06	60	3.58257E-06	3.21653E-09
21.75	3.79925E-06	3.5445E-09	3.80478E-06	60	3.79925E-06	3.5445E-09
22.5	4.02115E-06	3.84198E-09	4.02619E-06	60	4.02115E-06	3.84198E-09
23.25	4.24971E-06	4.19254E-09	4.25312E-06	60	4.24971E-06	4.19254E-09
24	4.48426E-06	4.49937E-09	4.49095E-06	60	4.48426E-06	4.49937E-09
24.75	4.72614E-06	4.86438E-09	4.73342E-06	60	4.72614E-06	4.86438E-09
25.5	4.97578E-06	5.32457E-09	4.9809E-06	60	4.97578E-06	5.32457E-09
26.25	5.23307E-06	5.80571E-09	5.23674E-06	60	5.23307E-06	5.80571E-09
27	5.48784E-06	6.20508E-09	5.49424E-06	60	5.48784E-06	6.20508E-09
27.75	5.76073E-06	6.70674E-09	5.76631E-06	60	5.76073E-06	6.70674E-09
28.5	6.03375E-06	7.19284E-09	6.0403E-06	60	6.03375E-06	7.19284E-09
29.25	6.3154E-06	7.58217E-09	6.32573E-06	60	6.3154E-06	7.58217E-09
30	6.60618E-06	8.15788E-09	6.61765E-06	60	6.60618E-06	8.15788E-09
30.75	6.90252E-06	8.76615E-09	6.91135E-06	60	6.90252E-06	8.76615E-09
31.5	7.18153E-06	9.22444E-09	7.19153E-06	60	7.18153E-06	9.22444E-09
32.25	7.48796E-06	9.7703E-09	7.49885E-06	60	7.48796E-06	9.7703E-09
33	7.79553E-06	1.0259E-08	7.81122E-06	60	7.79553E-06	1.0259E-08
33.75	8.11987E-06	1.07871E-08	8.13278E-06	60	8.11987E-06	1.07871E-08
34.5	8.44594E-06	1.13707E-08	8.46007E-06	60	8.44594E-06	1.13707E-08
35.25	8.78181E-06	1.20165E-08	8.79396E-06	60	8.78181E-06	1.20165E-08
36	9.11581E-06	1.2552E-08	9.12893E-06	60	9.11581E-06	1.2552E-08
36.75	9.47077E-06	1.31788E-08	9.48371E-06	60	9.47077E-06	1.31788E-08
37.5	9.80969E-06	1.37141E-08	9.83187E-06	60	9.80969E-06	1.37141E-08
38.25	1.017042E-05	1.45275E-08	1.019036E-05	60	1.017042E-05	1.45275E-08
39	1.055011E-05	1.50745E-08	1.056627E-05	60	1.055011E-05	1.50745E-08
39.75	1.09326E-05	1.58016E-08	1.094955E-05	60	1.09326E-05	1.58016E-08
40.5	1.130619E-05	1.65135E-08	1.132402E-05	60	1.130619E-05	1.65135E-08
41.25	1.16924E-05	1.72064E-08	1.17166E-05	60	1.16924E-05	1.72064E-08
42	1.20859E-05	1.78715E-08	1.21163E-05	60	1.20859E-05	1.78715E-08
42.75	1.24929E-05	1.858E-08	1.2512E-05	60	1.24929E-05	1.858E-08
43.5	1.29005E-05	1.92526E-08	1.29219E-05	60	1.29005E-05	1.92526E-08
44.25	1.33144E-05	2.00687E-08	1.33445E-05	60	1.33144E-05	2.00687E-08
45	1.37449E-05	2.07633E-08	1.37662E-05	60	1.37449E-05	2.07633E-08
45.75	1.41799E-05	2.15471E-08	1.42006E-05	60	1.41799E-05	2.15471E-08
46.5	1.46038E-05	2.22326E-08	1.46497E-05	60	1.46038E-05	2.22326E-08
47.25	1.50739E-05	2.30741E-08	1.51097E-05	60	1.50739E-05	2.30741E-08
48	1.55278E-05	2.38862E-08	1.55613E-05	60	1.55278E-05	2.38862E-08
48.75	1.59899E-05	2.4737E-08	1.60191E-05	60	1.59899E-05	2.4737E-08
49.5	1.64425E-05	2.56272E-08	1.64799E-05	60	1.64425E-05	2.56272E-08
50.25	1.69261E-05	2.65288E-08	1.69511E-05	60	1.69261E-05	2.65288E-08
51	1.73852E-05	2.71997E-08	1.74391E-05	60	1.73852E-05	2.71997E-08
51.75	1.78609E-05	2.81804E-08	1.79096E-05	60	1.78609E-05	2.81804E-08
52.5	1.83734E-05	2.92556E-08	1.842E-05	60	1.83734E-05	2.92556E-08
53.25	1.89078E-05	3.01721E-08	1.89747E-05	60	1.89078E-05	3.01721E-08
54	1.93938E-05	3.12776E-08	1.94797E-05	60	1.93938E-05	3.12776E-08
54.75	1.9943E-05	3.25463E-08	1.99753E-05	60	1.9943E-05	3.25463E-08
55.5	2.04361E-05	3.3381E-08	2.04436E-05	60	2.04361E-05	3.3381E-08
56.25	2.09437E-05	3.45415E-08	2.09717E-05	60	2.09437E-05	3.45415E-08
57	2.14183E-05	3.57276E-08	2.14635E-05	60	2.14183E-05	3.57276E-08
57.75	2.19353E-05	3.69168E-08	2.19895E-05	60	2.19353E-05	3.69168E-08
58.5	2.25288E-05	3.80955E-08	2.25814E-05	60	2.25288E-05	3.80955E-08
59.25	2.30647E-05	3.92839E-08	2.31226E-05	60	2.30647E-05	3.92839E-08
60	2.36402E-05	4.07067E-08	2.36829E-05	60	2.36402E-05	4.07067E-08
60	2.36584E-05	4.09585E-08	2.37087E-05	60	2.36584E-05	4.09585E-08
59.25	2.30506E-05	3.97263E-08	2.31067E-05	60	2.30506E-05	3.97263E-08
58.5	2.25859E-05	3.87943E-08	2.25966E-05	60	2.25859E-05	3.87943E-08
57.75	2.20508E-05	3.75807E-08	2.20812E-05	60	2.20508E-05	3.75807E-08
57	2.15061E-05	3.64456E-08	2.1552E-05	60	2.15061E-05	3.64456E-08
56.25	2.0995E-05	3.54072E-08	2.1022E-05	60	2.0995E-05	3.54072E-08
55.5	2.04832E-05	3.42813E-08	2.05108E-05	60	2.04832E-05	3.42813E-08
54.75	1.99645E-05	3.35874E-08	2.00141E-05	60	1.99645E-05	3.35874E-08
54	1.94552E-05	3.2552E-08	1.95027E-05	60	1.94552E-05	3.2552E-08
53.25	1.89773E-05	3.15237E-08	1.90034E-05	60	1.89773E-05	3.15237E-08
52.5	1.84878E-05	3.0463E-08	1.85106E-05	60	1.84878E-05	3.0463E-08
51.75	1.79891E-05	2.954E-08	1.80234E-05	60	1.79891E-05	2.954E-08
51	1.75147E-05	2.86703E-08	1.75331E-05	60	1.75147E-05	2.86703E-08
50.25	1.70369E-05	2.7754E-08	1.70595E-05	60	1.70369E-05	2.7754E-08
49.5	1.65651E-05	2.67895E-08	1.6581E-05	60	1.65651E-05	2.67895E-08
48.75	1.60909E-05	2.58119E-08	1.61066E-05	60	1.60909E-05	2.58119E-08
48	1.56333E-05	2.45936E-08	1.56492E-05	60	1.56333E-05	2.45936E-08
47.25	1.5181E-05	2.37924E-08	1.51956E-05	60	1.5181E-05	2.37924E-08
46.5	1.47314E-05	2.29191E-08	1.47532E-05	60	1.47314E-05	2.29191E-08
45.75	1.43089E-05	2.22174E-08	1.43273E-05	60	1.43089E-05	2.22174E-08
45	1.3877E-05	2.13819E-08	1.38894E-05	60	1.3877E-05	2.13819E-08
44.25	1.34507E-05	2.061E-08	1.34636E-05	60	1.34507E-05	2.061E-08
43.5	1.30328E-05	1.98479E-08	1.305E-05	60	1.30328E-05	1.98479E-08
42.75	1.2615E-05	1.9073E-08	1.26317E-05	60	1.2615E-05	1.9073E-08
42	1.22102E-05	1.8383E-08	1.22267E-05	60	1.22102E-05	1.8383E-08
41.25	1.18073E-05	1.76528E-08	1.1823E-05	60	1.18073E-05	1.76528E-08
40.5	1.13942E-05	1.69302E-08	1.14081E-05	60	1.13942E-05	1.69302E-08
39.75	1.10014E-05	1.62215E-08	1.10125E-05	60	1.10014E-05	1.62215E-08
39	1.06254E-05	1.55491E-08	1.06353E-05	60	1.06254E-05	1.55491E-08
38.25	1.02596E-05	1.49426E-08	1.02836E-05	60	1.02596E-05	1.49426E-08
37.5	9.91873E-06	1.42898E-08	9.92558E-06	60	9.91873E-06	1.42898E-08
36.75	9.55417E-06	1.36871E-08	9.55913E-06	60	9.55417E-06	1.36871E-08
36	9.20851E-06	1.30649E-08	9.21298E-06	60	9.20851E-06	1.30649E-08
35.25	8.86539E-06	1.24836E-08	8.87081E-06	60	8.86539E-06	1.24836E-08
34.5	8.51746E-06	1.19446E-08	8.52545E-06	60	8.51746E-06	1.19446E-08
33.75	8.18915E-06	1.13536E-08	8.19823E-06	60	8.18915E-06	1.13536E-08
33	7.87553E-06	1.08357E-08	7.88452E-06	60	7.87553E-06	1.08357E-08
32.25	7.55737E-06	1.02432E-08	7.56285E-06	60	7.55737E-06	1.02432E-08
31.5	7.24542E-06	9.6852E-09	7.24834E-06	60	7.24542E-06	9.6852E-09
30.75	6.93535E-06	9.2106E-09	6.9412E-06	60	6.93535E-06	9.2106E-09
30	6.6377E-06	8.73515E-09	6.64009E-06	60	6.6377E-06	8.73515E-09
29.25	6.34003E-06	8.24508E-09	6.34629E-06	60	6.34003E-06	8.24508E-09
28.5	6.07093E-06	7.81778E-09	6.07476E-06	60	6.07093E-06	7.81778E-09
27.75	5.79074E-06	7.33021E-09	5.7975E-06	60	5.79074E-06	7.33021E-09
27	5.51907E-06	6.89097E-09	5.526E-06	60	5.51907E-06	6.89097E-09
26.25	5.25865E-06	6.43676E-09	5.26267E-06	60	5.25865E-06	6.43676E-09
25.5	5.00201E-06	6.01171E-09	5.00506E-06	60	5.00201E-06	6.01171E-09
24.75	4.74949E-06	5.60369E-09	4.75312E-06	60	4.74949E-06	5.60369E-09
24	4.50904E-06	5.18755E-09	4.51163E-06	60	4.50904E-06	5.18755E-09
23.25	4.27452E-06	4.81237E-09	4.27541E-06	60	4.27452E-06	4.81237E-09
22.5	4.04811E-06	4.44073E-09	4.04623E-06	60	4.04811E-06	4.44073E-09
21.75	3.81915E-06	4.01355E-09	3.822E-06	60	3.81915E-06	4.01355E-09
21	3.60201E-06	3.63485E-09	3.60584E-06	60	3.60201E-06	3.63485E-09
20.25	3.39334E-06	3.33347E-09	3.39301E-06	60	3.39334E-06	3.33347E-09
19.5	3.1908E-06	2.97309E-09	3.19062E-06	60	3.1908E-06	2.97309E-09
18.75	2.99273E-06	2.68806E-09	2.99341E-06	60	2.99273E-06	2.68806E-09
18	2.80431E-06	2.38684E-09	2.80315E-06	60	2.80431E-06	2.38684E-09
17.25	2.6203E-06	2.10124E-09	2.62022E-06	60	2.6203E-06	2.10124E-09
16.5	2.4438E-06	1.89643E-09	2.44353E-06	60	2.4438E-06	1.89643E-09
15.75	2.27292E-06	1.63457E-09	2.27468E-06	60	2.27292E-06	1.63457E-09
15	2.11071E-06	1.42318E-09	2.11024E-06	60	2.11071E-06	1.42318E-09
14.25	1.95214E-06	1.25047E-09	1.95013E-06	60	1.95214E-06	1.25047E-09
13.5	1.8002E-06	1.0541E-09	1.80105E-06	60	1.8002E-06	1.0541E-09
12.75	1.65924E-06	8.6601E-10	1.65625E-06	60	1.65924E-06	8.6601E-10
12	1.51712E-06	7.18607E-10	1.51707E-06	60	1.51712E-06	7.18607E-10
11.25	1.38289E-06	5.7859E-10	1.38108E-06	60	1.38289E-06	5.7859E-10
10.5	1.21011E-06	2.636E-10	1.20378E-06	60	1.21011E-06	2.636E-10
9.75	1.03141E-06	1.3772E-11	1.00342E-06	60	1.03141E-06	1.3772E-11
9	9.37692E-07	5.1219E-11	9.24898E-07	60	9.37692E-07	5.1219E-11
8.25	8.39991E-07	1.3516E-11	8.34631E-07	60	8.39991E-07	1.3516E-11
7.5	7.72994E-07	7.69E-13	7.60727E-07	60	7.72994E-07	7.69E-13
6.75	7.0818E-07	4.713E-12	6.98047E-07	60	7.0818E-07	-4.713E-12
6	6.50663E-07	1.6253E-11	6.42097E-07	60	6.50663E-07	-1.6253E-11
5.25	5.92352E-07	4.5384E-11	5.85564E-07	60	5.92352E-07	-4.5384E-11
4.5	5.19773E-07	1.23995E-10	5.02511E-07	60	5.19773E-07	-1.23995E-10
3.75	4.01053E-07	1.8069E-10	4.02139E-07	60	4.01053E-07	-1.8069E-10
3	3.55047E-07	7.4467E-11	3.53196E-07	60	3.55047E-07	-7.4467E-11
2.25	2.95476E-07	1.41497E-10	2.89081E-07	60	2.95476E-07	-1.41497E-10
1.5	2.44776E-07	1.01254E-10	2.44704E-07	60	2.44776E-07	-1.01254E-10
0.75	2.13128E-07	1.23036E-10	2.08316E-07	60	2.13128E-07	-1.23036E-10
0	1.58906E-07	1.72612E-10	1.52627E-07	60	1.58906E-07	-1.72612E-10
-0.75	1.15165E-07	1.46692E-10	1.12013E-07	60	1.15165E-07	-1.46692E-10
-1.5	8.66411E-08	1.50791E-10	8.63466E-08	60	8.66411E-08	-1.50791E-10
-2.25	6.19982E-08	1.76658E-10	6.14943E-08	60	6.19982E-08	-1.76658E-10
-3	5.30491E-08	9.6585E-11	5.03711E-08	60	5.30491E-08	-9.6585E-11
-3.75	3.42713E-08	1.62334E-10	3.37856E-08	60	3.42713E-08	-1.62334E-10
-4.5	2.33171E-08	1.10318E-10	2.37905E-08	60	2.33171E-08	-1.10318E-10
-5.25	1.28785E-08	1.74349E-10	1.35619E-08	60	1.28785E-08	-1.74349E-10
-6	7.42375E-09	1.11237E-10	6.91592E-09	60	7.42375E-09	-1.11237E-10
-6.75	3.8945E-09	9.8958E-11	3.64491E-09	60	3.8945E-09	-9.8958E-11
-7.5	1.39391E-09	8.9542E-11	1.35282E-09	60	1.39391E-09	-8.9542E-11
-8.25	5.73925E-10	9.2332E-11	5.05146E-10	60	5.73925E-10	-9.2332E-11
-9	2.26173E-10	7.3855E-11	1.59532E-10	60	2.26173E-10	-7.3855E-11
-9.75	1.08509E-10	7.8473E-11	3.7667E-11	60	1.08509E-10	-7.8473E-11
-10.5	7.1129E-11	8.2652E-11	8.3E-13	60	7.1129E-11	-8.2652E-11
-11.25	6.8342E-11	8.2313E-11	6.249E-12	60	6.8342E-11	-8.2313E-11
-12	6.8781E-11	8.2028E-11	6.636E-12	60	6.8781E-11	-8.2028E-11
-12.75	7.4958E-11	8.5865E-11	4.976E-12	60	7.4958E-11	-8.5865E-11
-13.5	8.4286E-11	9.127E-11	3.399E-12	60	8.4286E-11	-9.127E-11
-14.25	9.6922E-11	1.05354E-10	3.364E-12	60	9.6922E-11	-1.05354E-10
-15	1.0892E-10	1.13276E-10	1.733E-12	60	1.0892E-10	-1.13276E-10
-15.75	1.30419E-10	1.31385E-10	6.869E-12	60	1.30419E-10	-1.31385E-10
-16.5	1.51388E-10	1.4585E-10	8.698E-12	60	1.51388E-10	-1.4585E-10
-17.25	1.86042E-10	1.85848E-10	2.0213E-11	60	1.86042E-10	-1.85848E-10
-18	2.04507E-10	1.76671E-10	2.721E-11	60	2.04507E-10	-1.76671E-10
-18.75	2.35338E-10	1.93335E-10	7.836E-11	60	2.35338E-10	-1.93335E-10
-19.5	2.73371E-10	1.7311E-10	1.28682E-10	60	2.73371E-10	-1.7311E-10
-20.25	3.21064E-10	1.93733E-10	1.67951E-10	60	3.21064E-10	-1.93733E-10
-21	3.84827E-10	1.68635E-10	2.17331E-10	60	3.84827E-10	-1.68635E-10
-21.75	4.62148E-10	2.08112E-10	2.75419E-10	60	4.62148E-10	-2.08112E-10
-22.5	5.41195E-10	2.30641E-10	3.39502E-10	60	5.41195E-10	-2.30641E-10
-23.25	6.23514E-10	2.43211E-10	4.05417E-10	60	6.23514E-10	-2.43211E-10
-24	7.24935E-10	2.52618E-10	5.07138E-10	60	7.24935E-10	-2.52618E-10
-24.75	8.3462E-10	2.68058E-10	6.01022E-10	60	8.3462E-10	-2.68058E-10
-25.5	9.954E-10	2.88624E-10	7.11342E-10	60	9.954E-10	-2.88624E-10
-26.25	1.19517E-09	3.38885E-10	8.74095E-10	60	1.19517E-09	-3.38885E-10
-27	1.36161E-09	3.03623E-10	1.08507E-09	60	1.36161E-09	-3.03623E-10
-27.75	1.56717E-09	3.43772E-10	1.26197E-09	60	1.56717E-09	-3.43772E-10
-28.5	1.80569E-09	3.33961E-10	1.50991E-09	60	1.80569E-09	-3.33961E-10
-29.25	2.07581E-09	3.63097E-10	1.77013E-09	60	2.07581E-09	-3.63097E-10
-30	2.33957E-09	3.5879E-10	2.05457E-09	60	2.33957E-09	-3.5879E-10
